xof 0303txt 0032
template ColorRGBA {
 <35ff44e0-6c7c-11cf-8f52-0040333594a3>
 FLOAT red;
 FLOAT green;
 FLOAT blue;
 FLOAT alpha;
}

template ColorRGB {
 <d3e16e81-7835-11cf-8f52-0040333594a3>
 FLOAT red;
 FLOAT green;
 FLOAT blue;
}

template Material {
 <3d82ab4d-62da-11cf-ab39-0020af71e433>
 ColorRGBA faceColor;
 FLOAT power;
 ColorRGB specularColor;
 ColorRGB emissiveColor;
 [...]
}

template Frame {
 <3d82ab46-62da-11cf-ab39-0020af71e433>
 [...]
}

template Matrix4x4 {
 <f6f23f45-7686-11cf-8f52-0040333594a3>
 array FLOAT matrix[16];
}

template FrameTransformMatrix {
 <f6f23f41-7686-11cf-8f52-0040333594a3>
 Matrix4x4 frameMatrix;
}

template Vector {
 <3d82ab5e-62da-11cf-ab39-0020af71e433>
 FLOAT x;
 FLOAT y;
 FLOAT z;
}

template MeshFace {
 <3d82ab5f-62da-11cf-ab39-0020af71e433>
 DWORD nFaceVertexIndices;
 array DWORD faceVertexIndices[nFaceVertexIndices];
}

template Mesh {
 <3d82ab44-62da-11cf-ab39-0020af71e433>
 DWORD nVertices;
 array Vector vertices[nVertices];
 DWORD nFaces;
 array MeshFace faces[nFaces];
 [...]
}

template MeshMaterialList {
 <f6f23f42-7686-11cf-8f52-0040333594a3>
 DWORD nMaterials;
 DWORD nFaceIndexes;
 array DWORD faceIndexes[nFaceIndexes];
 [Material <3d82ab4d-62da-11cf-ab39-0020af71e433>]
}

template VertexElement {
 <f752461c-1e23-48f6-b9f8-8350850f336f>
 DWORD Type;
 DWORD Method;
 DWORD Usage;
 DWORD UsageIndex;
}

template DeclData {
 <bf22e553-292c-4781-9fea-62bd554bdd93>
 DWORD nElements;
 array VertexElement Elements[nElements];
 DWORD nDWords;
 array DWORD data[nDWords];
}

template XSkinMeshHeader {
 <3cf169ce-ff7c-44ab-93c0-f78f62d172e2>
 WORD nMaxSkinWeightsPerVertex;
 WORD nMaxSkinWeightsPerFace;
 WORD nBones;
}

template SkinWeights {
 <6f0d123b-bad2-4167-a0d0-80224f25fabb>
 STRING transformNodeName;
 DWORD nWeights;
 array DWORD vertexIndices[nWeights];
 array FLOAT weights[nWeights];
 Matrix4x4 matrixOffset;
}

template AnimTicksPerSecond {
 <9e415a43-7ba6-4a73-8743-b73d47e88476>
 DWORD AnimTicksPerSecond;
}

template Animation {
 <3d82ab4f-62da-11cf-ab39-0020af71e433>
 [...]
}

template AnimationSet {
 <3d82ab50-62da-11cf-ab39-0020af71e433>
 [Animation <3d82ab4f-62da-11cf-ab39-0020af71e433>]
}

template FloatKeys {
 <10dd46a9-775b-11cf-8f52-0040333594a3>
 DWORD nValues;
 array FLOAT values[nValues];
}

template TimedFloatKeys {
 <f406b180-7b3b-11cf-8f52-0040333594a3>
 DWORD time;
 FloatKeys tfkeys;
}

template AnimationKey {
 <10dd46a8-775b-11cf-8f52-0040333594a3>
 DWORD keyType;
 DWORD nKeys;
 array TimedFloatKeys keys[nKeys];
}


Material blake_normal {
 0.640000;0.640000;0.640000;1.000000;;
 32.642128;
 0.000000;0.000000;0.000000;;
 0.000000;0.000000;0.000000;;
}

Frame armature {
 

 FrameTransformMatrix {
  5.922390,0.000000,0.000000,0.000000,0.000000,5.922390,0.000001,0.000000,0.000000,-0.000001,5.922390,0.000000,0.000000,0.000000,0.000000,1.000000;;
 }

 Frame Bone {
  

  FrameTransformMatrix {
   1.000000,0.000000,0.000000,0.000000,0.000000,-0.000000,-1.000000,0.000000,0.000000,1.000000,-0.000000,0.000000,0.000000,0.000000,0.000000,1.000000;;
  }

  Frame hips {
   

   FrameTransformMatrix {
    1.000000,0.000000,-0.000000,0.000000,-0.000000,0.992640,0.121106,0.000000,0.000000,-0.121106,0.992640,0.000000,0.000000,-0.417415,5.347681,1.000000;;
   }

   Frame Spine {
    

    FrameTransformMatrix {
     0.999844,-0.002140,-0.017535,0.000000,0.004512,0.990646,0.136382,0.000000,0.017079,-0.136439,0.990501,0.000000,-0.000000,0.000000,1.359448,1.000000;;
    }

    Frame Spine1 {
     

     FrameTransformMatrix {
      0.999999,-0.001508,0.000471,0.000000,0.001579,0.944361,-0.328907,0.000000,0.000051,0.328907,0.944362,0.000000,0.000000,0.000000,0.902509,1.000000;;
     }

     Frame chest {
      

      FrameTransformMatrix {
       -0.999939,-0.000139,-0.011036,0.000000,-0.001804,-0.984428,0.175778,0.000000,-0.010888,0.175788,0.984368,0.000000,0.000000,0.000000,0.872649,1.000000;;
      }

      Frame clavicle_L {
       

       FrameTransformMatrix {
        0.020891,-0.986346,0.163355,0.000000,-0.260042,0.152407,0.953494,0.000000,-0.965371,-0.062399,-0.253307,0.000000,0.000000,0.000000,1.768931,1.000000;;
       }

       Frame upper_arm_L {
        

        FrameTransformMatrix {
         0.986111,-0.162301,-0.035260,0.000000,0.100322,0.412875,0.905246,0.000000,-0.132365,-0.896210,0.423423,0.000000,0.000000,0.000000,1.220300,1.000000;;
        }

        Frame lower_arm_L {
         

         FrameTransformMatrix {
          0.925807,-0.023195,-0.377284,0.000000,-0.014099,0.995302,-0.095788,0.000000,0.377733,0.094001,0.921131,0.000000,0.000000,-0.000000,1.814372,1.000000;;
         }

         Frame hand_L {
          

          FrameTransformMatrix {
           0.994216,0.062113,-0.087617,0.000000,-0.053487,0.993790,0.097577,0.000000,0.093134,-0.092326,0.991364,0.000000,0.000000,0.000000,2.087863,1.000000;;
          }

          Frame middle_L {
           

           FrameTransformMatrix {
            0.014940,0.924192,0.381637,0.000000,-0.995329,-0.022664,0.093849,0.000000,0.095384,-0.381257,0.919536,0.000000,0.000000,0.000000,0.628448,1.000000;;
           }

           Frame middle1_L {
            

            FrameTransformMatrix {
             -0.222013,-0.185692,0.957198,0.000000,-0.093827,0.981211,0.168588,0.000000,-0.970519,-0.052382,-0.235264,0.000000,0.000000,0.000000,0.303923,1.000000;;
            }

            Frame middle2_L {
             

             FrameTransformMatrix {
              0.644892,-0.077434,0.760341,0.000000,-0.085705,0.981252,0.172623,0.000000,-0.759453,-0.176488,0.626165,0.000000,0.000000,-0.000000,0.221881,1.000000;;
             }
            }
           }
          }

          Frame index_L {
           

           FrameTransformMatrix {
            0.199424,0.949739,0.241301,0.000000,-0.977872,0.176994,0.111533,0.000000,0.063218,-0.258204,0.964020,0.000000,0.197748,-0.013206,0.611238,1.000000;;
           }

           Frame index1_L {
            

            FrameTransformMatrix {
             -0.244977,0.075136,0.966613,0.000000,-0.155457,0.981049,-0.115657,0.000000,-0.956985,-0.178600,-0.228654,0.000000,0.000000,-0.000000,0.303391,1.000000;;
            }

            Frame index2_L {
             

             FrameTransformMatrix {
              0.467517,-0.008568,0.883942,0.000000,0.066044,0.997497,-0.025262,0.000000,-0.881513,0.070189,0.466913,0.000000,-0.000000,-0.000000,0.231346,1.000000;;
             }
            }
           }
          }

          Frame ring_L {
           

           FrameTransformMatrix {
            0.145552,0.835646,0.529633,0.000000,-0.983301,0.063075,0.170708,0.000000,0.109245,-0.545635,0.830872,0.000000,-0.172204,0.013642,0.652122,1.000000;;
           }

           Frame ring1_L {
            

            FrameTransformMatrix {
             0.389102,0.016841,0.921041,0.000000,0.045209,0.998279,-0.037352,0.000000,-0.920085,0.056173,0.387671,0.000000,-0.000000,0.000000,0.276708,1.000000;;
            }

            Frame ring2_L {
             

             FrameTransformMatrix {
              -0.109116,-0.144369,0.983490,0.000000,-0.011886,0.989516,0.143935,0.000000,-0.993958,0.004016,-0.109688,0.000000,0.000000,0.000000,0.224045,1.000000;;
             }
            }
           }
          }

          Frame pinky_L {
           

           FrameTransformMatrix {
            -0.039243,0.701257,0.711828,0.000000,-0.992117,0.057505,-0.111347,0.000000,-0.119016,-0.710585,0.693472,0.000000,-0.344513,0.033136,0.666041,1.000000;;
           }

           Frame pinky1_L {
            

            FrameTransformMatrix {
             0.273032,0.077492,0.958879,0.000000,0.076546,0.991840,-0.101952,0.000000,-0.958955,0.101234,0.264873,0.000000,0.000000,0.000000,0.220026,1.000000;;
            }

            Frame pinky2_L {
             

             FrameTransformMatrix {
              0.665698,-0.019164,0.745975,0.000000,0.008846,0.999803,0.017791,0.000000,-0.746169,-0.005244,0.665736,0.000000,-0.000000,-0.000000,0.190771,1.000000;;
             }
            }
           }
          }

          Frame thumb_L {
           

           FrameTransformMatrix {
            -0.099456,0.810645,0.577030,0.000000,-0.932100,-0.278875,0.231124,0.000000,0.348279,-0.514863,0.783338,0.000000,0.169418,-0.080705,0.218701,1.000000;;
           }

           Frame thumb1_L {
            

            FrameTransformMatrix {
             0.999298,-0.002126,-0.037409,0.000000,-0.004716,0.983314,-0.181855,0.000000,0.037172,0.181904,0.982613,0.000000,-0.000001,-0.000000,0.313516,1.000000;;
            }

            Frame thumb2_L {
             

             FrameTransformMatrix {
              0.999938,0.009866,0.005253,0.000000,-0.009076,0.990999,-0.133561,0.000000,-0.006523,0.133505,0.991027,0.000000,-0.000000,-0.000000,0.153964,1.000000;;
             }
            }
           }
          }
         }
        }
       }
      }

      Frame clavicle_R {
       

       FrameTransformMatrix {
        -0.008632,0.986760,-0.161957,0.000000,0.298768,0.157110,0.941304,0.000000,0.954286,-0.040263,-0.296169,0.000000,0.000000,0.000000,1.768931,1.000000;;
       }

       Frame upper_arm_R {
        

        FrameTransformMatrix {
         0.991297,0.131347,0.008854,0.000000,-0.063715,0.419836,0.905361,0.000000,0.115199,-0.898045,0.424551,0.000000,0.000000,0.000000,1.220300,1.000000;;
        }

        Frame lower_arm_R {
         

         FrameTransformMatrix {
          0.928165,0.018741,0.371697,0.000000,0.036174,0.989459,-0.140220,0.000000,-0.370407,0.143593,0.917704,0.000000,0.000000,0.000000,1.814371,1.000000;;
         }

         Frame hand_R {
          

          FrameTransformMatrix {
           0.989822,-0.127938,-0.062315,0.000000,0.124944,0.990913,-0.049800,0.000000,0.068120,0.041507,0.996813,0.000000,0.000000,0.000000,2.087863,1.000000;;
          }

          Frame middle_R {
           

           FrameTransformMatrix {
            0.014940,-0.924192,-0.381637,0.000000,0.995328,-0.022664,0.093849,0.000000,-0.095384,-0.381256,0.919536,0.000000,-0.000000,0.000000,0.628448,1.000000;;
           }

           Frame middle1_R {
            

            FrameTransformMatrix {
             -0.222013,0.185692,-0.957198,0.000000,0.093827,0.981211,0.168588,0.000000,0.970519,-0.052382,-0.235264,0.000000,0.000000,0.000000,0.303922,1.000000;;
            }

            Frame middle2_R {
             

             FrameTransformMatrix {
              0.644892,0.077434,-0.760341,0.000000,0.085704,0.981252,0.172623,0.000000,0.759453,-0.176488,0.626165,0.000000,0.000000,0.000000,0.221880,1.000000;;
             }
            }
           }
          }

          Frame index_R {
           

           FrameTransformMatrix {
            0.199424,-0.949739,-0.241301,0.000000,0.977872,0.176994,0.111533,0.000000,-0.063218,-0.258204,0.964020,0.000000,-0.197748,-0.013205,0.611239,1.000000;;
           }

           Frame index1_R {
            

            FrameTransformMatrix {
             -0.244977,-0.075136,-0.966613,0.000000,0.155457,0.981049,-0.115657,0.000000,0.956985,-0.178600,-0.228654,0.000000,-0.000000,-0.000000,0.303391,1.000000;;
            }

            Frame index2_R {
             

             FrameTransformMatrix {
              0.467517,0.008568,-0.883942,0.000000,-0.066044,0.997497,-0.025262,0.000000,0.881513,0.070189,0.466913,0.000000,0.000000,-0.000000,0.231346,1.000000;;
             }
            }
           }
          }

          Frame ring_R {
           

           FrameTransformMatrix {
            0.145552,-0.835646,-0.529632,0.000000,0.983301,0.063075,0.170708,0.000000,-0.109245,-0.545635,0.830872,0.000000,0.172204,0.013642,0.652122,1.000000;;
           }

           Frame ring1_R {
            

            FrameTransformMatrix {
             0.389102,-0.016841,-0.921041,0.000000,-0.045209,0.998279,-0.037352,0.000000,0.920085,0.056173,0.387671,0.000000,0.000000,0.000000,0.276708,1.000000;;
            }

            Frame ring2_R {
             

             FrameTransformMatrix {
              -0.109115,0.144369,-0.983489,0.000000,0.011886,0.989516,0.143935,0.000000,0.993958,0.004016,-0.109687,0.000000,-0.000000,0.000000,0.224045,1.000000;;
             }
            }
           }
          }

          Frame pinky_R {
           

           FrameTransformMatrix {
            -0.039243,-0.701257,-0.711828,0.000000,0.992117,0.057505,-0.111347,0.000000,0.119016,-0.710585,0.693472,0.000000,0.344513,0.033136,0.666042,1.000000;;
           }

           Frame pinky1_R {
            

            FrameTransformMatrix {
             0.273032,-0.077493,-0.958879,0.000000,-0.076546,0.991840,-0.101952,0.000000,0.958955,0.101234,0.264872,0.000000,-0.000000,-0.000000,0.220026,1.000000;;
            }

            Frame pinky2_R {
             

             FrameTransformMatrix {
              0.665698,0.019164,-0.745975,0.000000,-0.008846,0.999803,0.017790,0.000000,0.746169,-0.005244,0.665736,0.000000,-0.000000,0.000000,0.190771,1.000000;;
             }
            }
           }
          }

          Frame thumb_R {
           

           FrameTransformMatrix {
            -0.099456,-0.810645,-0.577029,0.000000,0.932100,-0.278875,0.231124,0.000000,-0.348279,-0.514862,0.783338,0.000000,-0.169418,-0.080705,0.218701,1.000000;;
           }

           Frame thumb1_R {
            

            FrameTransformMatrix {
             0.999298,0.002126,0.037409,0.000000,0.004716,0.983314,-0.181855,0.000000,-0.037172,0.181904,0.982614,0.000000,0.000000,-0.000000,0.313517,1.000000;;
            }

            Frame thumb2_R {
             

             FrameTransformMatrix {
              0.999938,-0.009866,-0.005253,0.000000,0.009076,0.990999,-0.133562,0.000000,0.006523,0.133505,0.991027,0.000000,0.000000,-0.000000,0.153965,1.000000;;
             }
            }
           }
          }
         }
        }
       }
      }

      Frame neck {
       

       FrameTransformMatrix {
        1.000000,0.000891,-0.000212,0.000000,-0.000825,0.976795,0.214173,0.000000,0.000398,-0.214172,0.976796,0.000000,0.000000,0.000000,1.768931,1.000000;;
       }

       Frame head {
        

        FrameTransformMatrix {
         1.000000,0.000000,-0.000000,0.000000,-0.000000,0.919139,-0.393934,0.000000,0.000000,0.393934,0.919139,0.000000,-0.000000,-0.000000,0.652271,1.000000;;
        }

        Frame jaw {
         

         FrameTransformMatrix {
          1.000000,-0.000001,0.000000,0.000000,-0.000001,-0.508181,0.861250,0.000000,-0.000000,-0.861250,-0.508181,0.000000,-0.000000,-0.272732,0.177217,1.000000;;
         }

         Frame under_lip {
          

          FrameTransformMatrix {
           1.000000,-0.000001,0.000000,0.000000,0.000000,-0.164047,-0.986453,0.000000,0.000001,0.986453,-0.164047,0.000000,0.000000,0.126716,0.453151,1.000000;;
          }

          Frame under_lip_L {
           

           FrameTransformMatrix {
            -0.670175,-0.728568,-0.141617,0.000000,-0.134618,-0.068321,0.988540,0.000000,-0.729893,0.681558,-0.052291,0.000000,-0.118941,0.054970,0.049562,1.000000;;
           }
          }

          Frame under_lip_R {
           

           FrameTransformMatrix {
            -0.670175,0.728567,0.141616,0.000000,0.134617,-0.068321,0.988540,0.000000,0.729893,0.681558,-0.052291,0.000000,0.118941,0.054971,0.049562,1.000000;;
           }
          }
         }

         Frame jaw_L {
          

          FrameTransformMatrix {
           -0.900426,0.235813,0.365544,0.000000,0.202095,0.970897,-0.128517,0.000000,-0.385212,-0.041845,-0.921879,0.000000,-0.144540,-0.080105,0.479244,1.000000;;
          }
         }

         Frame jaw_R {
          

          FrameTransformMatrix {
           -0.640908,0.362254,0.676766,0.000000,0.766962,0.338647,0.545057,0.000000,-0.031735,0.868384,-0.494876,0.000000,0.144540,-0.080105,0.479244,1.000000;;
          }
         }
        }

        Frame face {
         

         FrameTransformMatrix {
          1.000000,-0.000001,0.000000,0.000000,-0.000001,-0.983190,0.182587,0.000000,-0.000000,-0.182587,-0.983189,0.000000,-0.000000,-0.587920,1.033450,1.000000;;
         }

         Frame up_lip {
          

          FrameTransformMatrix {
           1.000000,-0.000000,-0.000000,0.000000,0.000000,0.978828,-0.204686,0.000000,0.000000,0.204686,0.978828,0.000000,0.000000,0.008470,0.754038,1.000000;;
          }

          Frame up_lip_L {
           

           FrameTransformMatrix {
            0.687305,-0.622135,-0.374914,0.000000,0.295156,-0.232410,0.926751,0.000000,-0.663698,-0.747619,0.023890,0.000000,-0.110106,-0.060387,0.078324,1.000000;;
           }
          }

          Frame up_lip_R {
           

           FrameTransformMatrix {
            0.687305,0.622134,0.374914,0.000000,-0.295156,-0.232410,0.926752,0.000000,0.663698,-0.747619,0.023890,0.000000,0.110105,-0.060387,0.078323,1.000000;;
           }
          }
         }
        }

        Frame eye_L {
         

         FrameTransformMatrix {
          0.995004,-0.045231,0.088998,0.000000,-0.084054,0.101432,0.991285,0.000000,-0.053864,-0.993814,0.097124,0.000000,-0.230392,-0.413420,0.630363,1.000000;;
         }
        }

        Frame eye_R {
         

         FrameTransformMatrix {
          0.995257,-0.059347,-0.077073,0.000000,0.082369,0.092688,0.992282,0.000000,-0.051746,-0.993925,0.097136,0.000000,0.230391,-0.413420,0.630363,1.000000;;
         }
        }

        Frame up_lid_L {
         

         FrameTransformMatrix {
          0.996551,0.033508,0.075914,0.000000,-0.082973,0.414076,0.906453,0.000000,-0.001061,-0.909625,0.415428,0.000000,-0.230392,-0.412653,0.633379,1.000000;;
         }
        }

        Frame up_lid_R {
         

         FrameTransformMatrix {
          0.996551,-0.033508,-0.075914,0.000000,0.082974,0.414076,0.906453,0.000000,0.001060,-0.909626,0.415428,0.000000,0.230391,-0.412653,0.633379,1.000000;;
         }
        }

        Frame under_lid_L {
         

         FrameTransformMatrix {
          0.996501,-0.010525,0.082909,0.000000,-0.083567,-0.112624,0.990117,0.000000,-0.001083,-0.993582,-0.113109,0.000000,-0.230392,-0.411423,0.630789,1.000000;;
         }
        }

        Frame under_lid_R {
         

         FrameTransformMatrix {
          0.996502,0.010524,-0.082909,0.000000,0.083567,-0.112624,0.990117,0.000000,0.001082,-0.993582,-0.113109,0.000000,0.230391,-0.411423,0.630788,1.000000;;
         }
        }

        Frame eyebrow_L {
         

         FrameTransformMatrix {
          -0.261682,-0.767976,0.584581,0.000000,0.277653,0.520182,0.807663,0.000000,-0.924355,0.373661,0.077109,0.000000,-0.086325,-0.689977,0.761720,1.000000;;
         }

         Frame eyebrow_L_001 {
          

          FrameTransformMatrix {
           0.621862,-0.454008,0.638095,0.000000,0.323794,0.890956,0.318363,0.000000,-0.713054,0.008633,0.701056,0.000000,-0.000001,-0.000001,0.201087,1.000000;;
          }
         }
        }

        Frame eyebrow_R {
         

         FrameTransformMatrix {
          -0.261682,0.767976,-0.584581,0.000000,-0.277653,0.520182,0.807663,0.000000,0.924355,0.373661,0.077108,0.000000,0.086324,-0.689977,0.761720,1.000000;;
         }

         Frame eyebrow_R_001 {
          

          FrameTransformMatrix {
           0.621862,0.454008,-0.638095,0.000000,-0.323794,0.890956,0.318363,0.000000,0.713054,0.008633,0.701056,0.000000,0.000000,0.000001,0.201087,1.000000;;
          }
         }
        }

        Frame head_L {
         

         FrameTransformMatrix {
          -0.002752,0.993128,0.116955,0.000000,0.994346,0.015126,-0.105047,0.000000,-0.106095,0.116006,-0.987566,0.000000,-0.372184,-0.259283,1.022521,1.000000;;
         }

         Frame head_L_001 {
          

          FrameTransformMatrix {
           0.344976,0.879232,-0.328546,0.000000,-0.652416,-0.027031,-0.757379,0.000000,-0.674793,0.475626,0.564300,0.000000,-0.034983,0.038695,0.547142,1.000000;;
          }
         }
        }

        Frame head_R {
         

         FrameTransformMatrix {
          -0.002751,-0.993127,-0.116959,0.000000,-0.994345,0.015126,-0.105053,0.000000,0.106101,0.116010,-0.987565,0.000000,0.372183,-0.259284,1.022523,1.000000;;
         }

         Frame head_R_001 {
          

          FrameTransformMatrix {
           0.344977,-0.879232,0.328547,0.000000,0.652415,-0.027031,-0.757379,0.000000,0.674793,0.475627,0.564299,0.000000,0.034984,0.038695,0.547139,1.000000;;
          }
         }
        }
       }
      }
     }
    }
   }

   Frame upper_leg_R {
    

    FrameTransformMatrix {
     -0.996591,-0.024945,0.078619,0.000000,-0.021867,0.998964,0.039763,0.000000,-0.079530,0.037908,-0.996111,0.000000,-0.724406,-0.085072,0.662163,1.000000;;
    }

    Frame lower_leg_R {
     

     FrameTransformMatrix {
      -0.999543,-0.000615,0.030223,0.000000,-0.010834,-0.926084,-0.377162,0.000000,0.028221,-0.377317,0.925654,0.000000,0.000000,-0.000000,3.147982,1.000000;;
     }

     Frame foot_R {
      

      FrameTransformMatrix {
       -0.999531,0.029325,0.008871,0.000000,-0.011589,-0.093848,-0.995519,0.000000,-0.028361,-0.995155,0.094144,0.000000,-0.000000,-0.000000,2.654545,1.000000;;
      }

      Frame toes_R {
       

       FrameTransformMatrix {
        1.000000,0.000010,-0.000003,0.000000,-0.000011,0.965824,-0.259200,0.000000,0.000000,0.259200,0.965824,0.000000,0.000000,0.000000,0.807094,1.000000;;
       }
      }
     }
    }
   }

   Frame upper_leg_L {
    

    FrameTransformMatrix {
     -0.971906,0.223161,-0.074769,0.000000,0.216524,0.972338,0.087565,0.000000,0.092243,0.068916,-0.993349,0.000000,0.724406,-0.085072,0.662163,1.000000;;
    }

    Frame lower_leg_L {
     

     FrameTransformMatrix {
      -0.997526,0.058090,-0.039588,0.000000,-0.036614,-0.910074,-0.412826,0.000000,-0.060009,-0.410355,0.909949,0.000000,0.000000,0.000000,3.147982,1.000000;;
     }

     Frame foot_L {
      

      FrameTransformMatrix {
       -0.999151,0.041064,-0.003339,0.000000,0.000794,-0.061825,-0.998087,0.000000,-0.041192,-0.997242,0.061740,0.000000,0.000000,-0.000000,2.654545,1.000000;;
      }

      Frame toes_L {
       

       FrameTransformMatrix {
        0.982865,-0.135458,0.125007,0.000000,0.153640,0.976736,-0.149604,0.000000,-0.101834,0.166247,0.980812,0.000000,0.000000,-0.000000,0.807094,1.000000;;
       }
      }
     }
    }
   }
  }
 }
}

Frame Blake {
 

 FrameTransformMatrix {
  9.397146,0.000000,0.000000,0.000000,0.000000,-0.000002,9.397146,0.000000,0.000000,-9.397146,-0.000002,0.000000,0.000000,0.000000,0.000000,1.000000;;
 }

 Mesh Blake {
  1550;
  0.107550;7.280454;-0.217592;,
  0.104903;7.264553;-0.185521;,
  0.096340;7.263887;-0.213742;,
  0.113726;7.277854;-0.189204;,
  0.172893;7.245770;-0.203221;,
  0.185059;7.266847;-0.180563;,
  0.194308;7.266569;-0.192099;,
  0.169625;7.251761;-0.183640;,
  0.032998;7.211703;-0.317296;,
  -0.000029;7.286307;-0.330618;,
  0.020287;7.283689;-0.315023;,
  0.000000;7.217664;-0.363998;,
  0.032329;7.304894;-0.322566;,
  -0.000000;7.330730;-0.340489;,
  0.000000;7.112719;-0.403838;,
  0.050130;7.078551;-0.323893;,
  0.000000;7.063643;-0.398987;,
  0.040529;7.127177;-0.324141;,
  0.093115;7.116333;-0.272184;,
  0.087931;7.070121;-0.277099;,
  0.000000;7.034740;-0.317882;,
  0.057392;7.195716;-0.269947;,
  0.068680;6.996844;-0.296874;,
  0.000000;6.988657;-0.335137;,
  0.000000;6.953810;-0.312375;,
  0.051454;6.955550;-0.294113;,
  -0.000516;6.955062;-0.314510;,
  0.053537;6.926242;-0.297822;,
  -0.000000;6.921660;-0.321330;,
  0.051691;6.956114;-0.294546;,
  0.046381;6.891360;-0.287943;,
  0.000000;6.890088;-0.306859;,
  0.130519;6.960193;-0.238030;,
  0.123438;6.950762;-0.239824;,
  0.122865;6.949999;-0.239407;,
  0.108781;6.931239;-0.247610;,
  0.119633;6.911010;-0.226451;,
  0.148753;6.933053;-0.197977;,
  0.131394;6.949758;-0.233321;,
  0.143019;6.986040;-0.218032;,
  0.144694;7.106385;-0.246404;,
  0.209204;7.174039;-0.212730;,
  0.148513;7.177083;-0.232072;,
  0.207614;7.077353;-0.199158;,
  0.039550;7.258022;-0.286181;,
  0.103166;7.180380;-0.248030;,
  0.080117;6.820737;-0.292877;,
  0.000001;6.811738;-0.324280;,
  0.144579;6.856886;-0.211542;,
  0.200547;6.916816;-0.136410;,
  0.087593;6.730478;-0.256829;,
  0.000001;6.732042;-0.298525;,
  0.075462;7.313592;-0.291908;,
  0.147004;7.365839;-0.279544;,
  0.209516;7.325469;-0.199118;,
  0.215012;7.374903;-0.175066;,
  0.146533;7.321040;-0.243171;,
  0.237835;7.262698;-0.145958;,
  0.250042;7.258244;-0.073837;,
  0.268221;7.173662;-0.061045;,
  0.268162;7.085070;-0.081152;,
  0.004111;7.537448;-0.276048;,
  0.107628;7.532273;-0.278122;,
  0.223975;7.550668;-0.156789;,
  0.289264;7.473009;-0.051452;,
  0.300421;7.258868;0.051935;,
  0.224730;6.859164;-0.003061;,
  0.150124;6.772349;-0.110520;,
  0.296042;7.103653;0.098213;,
  0.265498;6.996026;0.117112;,
  0.326086;7.762051;-0.389112;,
  0.262973;7.840204;-0.416584;,
  0.309165;7.614245;-0.171413;,
  0.358182;7.590432;0.111404;,
  0.333298;7.267243;0.192669;,
  0.344140;7.064003;0.250199;,
  0.307937;7.192170;0.140850;,
  0.386173;7.206715;0.325525;,
  0.308665;7.102434;0.124451;,
  0.293203;7.055498;0.157366;,
  0.343530;7.299167;0.244989;,
  0.377021;7.313089;0.296117;,
  0.307937;7.192170;0.140850;,
  0.308665;7.102434;0.124451;,
  0.333298;7.267243;0.192669;,
  0.351718;7.392221;0.125849;,
  0.000000;6.732659;-0.171804;,
  0.000000;6.734559;-0.114754;,
  0.148267;6.735582;-0.007098;,
  0.000000;6.671442;-0.052004;,
  0.226197;6.828265;0.088042;,
  0.259324;6.937478;0.193417;,
  0.293203;7.055498;0.157366;,
  0.360389;7.822260;-0.375709;,
  0.244226;7.841860;-0.401215;,
  0.361200;7.667374;-0.209118;,
  0.335426;7.681521;0.170423;,
  0.284781;7.041436;0.185781;,
  0.308290;7.077506;0.276459;,
  0.284781;7.041436;0.185781;,
  0.324140;7.207930;0.350678;,
  0.335890;7.304501;0.317861;,
  0.326998;7.318114;0.227536;,
  0.343530;7.299167;0.244989;,
  0.326998;7.318114;0.227536;,
  0.370137;7.497278;0.247055;,
  0.347375;7.557762;0.380841;,
  0.331908;7.393658;0.448368;,
  0.214253;7.801851;0.049293;,
  0.361200;7.667374;-0.209118;,
  0.360389;7.822260;-0.375709;,
  0.244226;7.841860;-0.401215;,
  0.000670;7.871738;-0.023698;,
  0.196833;7.807413;0.223956;,
  0.000000;7.860725;0.250612;,
  0.203043;7.368756;0.573447;,
  0.000000;7.624474;0.598047;,
  0.000000;7.348050;0.639898;,
  0.234283;7.590903;0.537235;,
  0.247108;7.724178;0.446046;,
  0.000000;7.750726;0.499265;,
  0.162523;6.932606;0.459963;,
  0.000000;7.067175;0.551881;,
  -0.000007;6.934078;0.463087;,
  0.165124;7.057759;0.515519;,
  0.255636;6.968524;0.324948;,
  0.276165;7.114775;0.444550;,
  0.000000;7.206997;0.616695;,
  0.197164;7.203602;0.554236;,
  0.308290;7.077506;0.276459;,
  0.324140;7.207930;0.350678;,
  0.263800;7.231666;0.489147;,
  0.335890;7.304501;0.317861;,
  0.328759;7.331250;0.404834;,
  0.000000;6.532761;-0.008639;,
  0.178490;6.432298;0.078208;,
  0.000000;6.387055;0.034243;,
  0.165788;6.619099;0.042177;,
  0.233777;6.706311;0.159920;,
  0.274645;6.548174;0.214135;,
  0.251390;6.778418;0.281651;,
  0.281011;6.593453;0.349367;,
  0.162523;6.932606;0.459963;,
  -0.000217;6.782367;0.461066;,
  0.148728;6.798799;0.468770;,
  -0.000007;6.934078;0.463087;,
  0.255636;6.968524;0.324948;,
  0.237819;6.800526;0.366712;,
  0.259324;6.937478;0.193417;,
  0.226197;6.828265;0.088042;,
  0.148267;6.735582;-0.007098;,
  0.000000;6.671442;-0.052004;,
  0.262226;6.605997;0.429946;,
  0.162570;6.615537;0.491086;,
  0.000000;6.617512;0.470761;,
  0.175261;7.280562;-0.185443;,
  0.182658;7.284135;-0.202993;,
  0.121710;7.251406;-0.182883;,
  0.119695;7.246373;-0.207278;,
  0.145796;7.246366;-0.183882;,
  0.146166;7.240466;-0.206034;,
  0.144343;7.284522;-0.189145;,
  0.145160;7.288366;-0.211916;,
  0.187547;7.288062;-0.200635;,
  0.144748;7.290870;-0.211881;,
  0.115524;7.242506;-0.201893;,
  0.145893;7.237306;-0.208022;,
  0.087109;7.265084;-0.214092;,
  0.202865;7.267298;-0.184455;,
  0.178647;7.241134;-0.201667;,
  0.100821;7.284401;-0.213382;,
  -0.107550;7.280454;-0.217592;,
  -0.104903;7.264553;-0.185521;,
  -0.113726;7.277854;-0.189204;,
  -0.096340;7.263887;-0.213742;,
  -0.172893;7.245770;-0.203221;,
  -0.185059;7.266847;-0.180563;,
  -0.169625;7.251761;-0.183640;,
  -0.194308;7.266569;-0.192099;,
  -0.033021;7.210390;-0.316316;,
  -0.000029;7.286307;-0.330618;,
  0.000000;7.217664;-0.363998;,
  -0.020684;7.283449;-0.317985;,
  -0.032525;7.305316;-0.327509;,
  -0.000000;7.330730;-0.340489;,
  0.000000;7.112719;-0.403838;,
  -0.050129;7.078671;-0.324111;,
  -0.040529;7.127626;-0.325192;,
  0.000000;7.063643;-0.398987;,
  -0.093114;7.116334;-0.272187;,
  -0.087930;7.070121;-0.277099;,
  0.000000;7.034740;-0.317882;,
  -0.057389;7.196825;-0.278359;,
  -0.068680;6.996846;-0.296874;,
  0.000000;6.988657;-0.335137;,
  0.000000;6.953810;-0.312375;,
  -0.051454;6.955550;-0.294113;,
  -0.000516;6.955062;-0.314510;,
  -0.053541;6.926262;-0.297817;,
  -0.051691;6.956114;-0.294546;,
  -0.000000;6.921660;-0.321330;,
  -0.046380;6.891362;-0.287943;,
  0.000000;6.890088;-0.306859;,
  -0.130519;6.960193;-0.238030;,
  -0.123438;6.950762;-0.239824;,
  -0.122865;6.949999;-0.239407;,
  -0.108775;6.931236;-0.247611;,
  -0.119632;6.911010;-0.226451;,
  -0.148752;6.933053;-0.197977;,
  -0.131394;6.949758;-0.233321;,
  -0.143018;6.986041;-0.218032;,
  -0.144645;7.106394;-0.246427;,
  -0.209203;7.174002;-0.212923;,
  -0.207609;7.077351;-0.199173;,
  -0.148400;7.177103;-0.232349;,
  -0.103165;7.180430;-0.248359;,
  -0.039695;7.258712;-0.296871;,
  -0.080116;6.820737;-0.292877;,
  0.000001;6.811738;-0.324280;,
  -0.144578;6.856886;-0.211542;,
  -0.200545;6.916816;-0.136411;,
  -0.087592;6.730478;-0.256829;,
  0.000001;6.732042;-0.298525;,
  -0.075516;7.313467;-0.294035;,
  -0.146853;7.365985;-0.279528;,
  -0.209514;7.325494;-0.199314;,
  -0.146399;7.321098;-0.244378;,
  -0.205810;7.375635;-0.174339;,
  -0.237834;7.262698;-0.145958;,
  -0.250041;7.258244;-0.073837;,
  -0.268220;7.173662;-0.061045;,
  -0.268161;7.085070;-0.081152;,
  0.004111;7.537448;-0.276048;,
  -0.095545;7.545616;-0.274276;,
  -0.187775;7.553415;-0.152756;,
  -0.294336;7.471281;-0.051451;,
  -0.300423;7.258867;0.051935;,
  -0.224729;6.859163;-0.003061;,
  -0.150123;6.772349;-0.110520;,
  -0.296041;7.103653;0.098213;,
  -0.265497;6.996026;0.117112;,
  -0.015880;7.698190;-0.376339;,
  0.262973;7.840204;-0.416584;,
  -0.206396;7.621020;-0.147865;,
  -0.358037;7.590439;0.111439;,
  -0.333297;7.267243;0.192669;,
  -0.344139;7.064003;0.250199;,
  -0.386171;7.206715;0.325525;,
  -0.307936;7.192170;0.140850;,
  -0.308664;7.102434;0.124451;,
  -0.293202;7.055498;0.157366;,
  -0.343529;7.299167;0.244989;,
  -0.377020;7.313089;0.296117;,
  -0.307936;7.192170;0.140850;,
  -0.308664;7.102434;0.124451;,
  -0.333297;7.267243;0.192669;,
  -0.351716;7.392221;0.125850;,
  0.000000;6.732659;-0.171804;,
  0.000000;6.734559;-0.114754;,
  -0.148266;6.735582;-0.007098;,
  0.000000;6.671442;-0.052004;,
  -0.226196;6.828265;0.088042;,
  -0.259323;6.937478;0.193417;,
  -0.293202;7.055498;0.157366;,
  -0.087032;7.802330;-0.343275;,
  0.244226;7.841860;-0.401215;,
  -0.243091;7.700754;-0.193675;,
  -0.335425;7.681521;0.170423;,
  -0.284780;7.041436;0.185781;,
  -0.308289;7.077506;0.276459;,
  -0.284780;7.041436;0.185781;,
  -0.324139;7.207930;0.350678;,
  -0.335889;7.304500;0.317861;,
  -0.326997;7.318114;0.227536;,
  -0.343529;7.299167;0.244989;,
  -0.326997;7.318114;0.227536;,
  -0.370135;7.497278;0.247055;,
  -0.347374;7.557762;0.380841;,
  -0.331907;7.393658;0.448368;,
  -0.213567;7.812130;0.048269;,
  -0.243091;7.700754;-0.193675;,
  -0.087032;7.802330;-0.343275;,
  0.244226;7.841860;-0.401215;,
  0.000670;7.871738;-0.023698;,
  -0.196832;7.807356;0.223949;,
  0.000000;7.860725;0.250612;,
  -0.203042;7.368756;0.573447;,
  0.000000;7.624474;0.598047;,
  -0.234282;7.590903;0.537235;,
  0.000000;7.348050;0.639898;,
  -0.247107;7.724178;0.446046;,
  0.000000;7.750726;0.499265;,
  -0.162773;6.933422;0.453542;,
  0.000000;7.067175;0.551881;,
  -0.165186;7.057918;0.514366;,
  -0.000007;6.934078;0.463087;,
  -0.255635;6.968524;0.324948;,
  -0.276164;7.114775;0.444550;,
  0.000000;7.206997;0.616695;,
  -0.197163;7.203602;0.554236;,
  -0.308289;7.077506;0.276459;,
  -0.324139;7.207930;0.350678;,
  -0.263799;7.231666;0.489147;,
  -0.335889;7.304500;0.317861;,
  -0.328758;7.331250;0.404834;,
  0.000000;6.532761;-0.008639;,
  -0.178490;6.432298;0.078208;,
  -0.165788;6.619099;0.042177;,
  0.000000;6.387055;0.034243;,
  -0.233777;6.706311;0.159920;,
  -0.274645;6.548174;0.214135;,
  -0.251390;6.778418;0.281651;,
  -0.281011;6.593453;0.349367;,
  -0.162773;6.933422;0.453542;,
  -0.000217;6.782367;0.461066;,
  -0.000007;6.934078;0.463087;,
  -0.148728;6.798799;0.468770;,
  -0.255635;6.968524;0.324948;,
  -0.237819;6.800526;0.366712;,
  -0.259323;6.937478;0.193417;,
  -0.226196;6.828265;0.088042;,
  -0.148266;6.735582;-0.007098;,
  0.000000;6.671442;-0.052004;,
  -0.262226;6.605997;0.429946;,
  -0.162570;6.615537;0.491086;,
  0.000000;6.617512;0.470761;,
  -0.175261;7.280562;-0.185443;,
  -0.182658;7.284135;-0.202993;,
  -0.121710;7.251406;-0.182883;,
  -0.119695;7.246373;-0.207278;,
  -0.145796;7.246366;-0.183882;,
  -0.146166;7.240466;-0.206034;,
  -0.144343;7.284522;-0.189145;,
  -0.145160;7.288366;-0.211916;,
  -0.187547;7.288062;-0.200635;,
  -0.144748;7.290870;-0.211881;,
  -0.115524;7.242506;-0.201893;,
  -0.145893;7.237306;-0.208022;,
  -0.087109;7.265084;-0.214092;,
  -0.202865;7.267298;-0.184455;,
  -0.178647;7.241134;-0.201667;,
  -0.100821;7.284401;-0.213382;,
  0.355287;5.848648;-0.163083;,
  0.241517;6.352819;-0.107132;,
  0.478657;6.238332;-0.050161;,
  -0.003745;5.800246;-0.301741;,
  0.034039;5.967060;-0.312112;,
  0.214008;6.470286;-0.159644;,
  0.361796;6.508678;0.062779;,
  0.322739;6.591277;0.059621;,
  0.553152;6.492937;0.114937;,
  0.317464;6.733718;0.313361;,
  0.338743;6.671882;0.336938;,
  0.571915;6.615013;0.360053;,
  0.260620;6.740866;0.538287;,
  0.338743;6.671882;0.336938;,
  0.317464;6.733718;0.313361;,
  0.283005;6.673595;0.559528;,
  0.141503;6.641435;0.581720;,
  0.130114;6.716793;0.556682;,
  0.571915;6.615013;0.360053;,
  0.487808;6.516134;0.600550;,
  0.249018;6.493324;0.657766;,
  0.674854;6.377494;0.656887;,
  0.356532;6.345189;0.733812;,
  0.328857;6.077874;0.828272;,
  0.649291;5.775644;0.695760;,
  0.647510;6.105702;0.770330;,
  0.350917;5.779994;0.800475;,
  0.943158;6.397684;0.388397;,
  1.127002;6.045684;0.235594;,
  0.919571;6.300007;0.171038;,
  1.138336;6.124070;0.410314;,
  0.899064;6.264010;0.627865;,
  1.099574;6.066562;0.608305;,
  0.674854;6.377494;0.656887;,
  0.752829;6.558421;0.383829;,
  0.742386;6.438093;0.146584;,
  0.856387;6.091770;0.073423;,
  0.710106;6.189292;0.008925;,
  1.075384;5.894689;0.162153;,
  0.840014;6.060640;0.721557;,
  1.034073;5.911506;0.686768;,
  0.647510;6.105702;0.770330;,
  0.809417;5.882907;0.127692;,
  0.716275;5.682128;0.331024;,
  0.678808;5.845048;0.026730;,
  0.748603;5.766251;0.349343;,
  0.802288;5.833650;0.633248;,
  0.716275;5.682128;0.331024;,
  0.748603;5.766251;0.349343;,
  0.649291;5.775644;0.695760;,
  0.968687;5.732290;0.599652;,
  0.950199;5.669398;0.386495;,
  1.009330;5.745700;0.213966;,
  0.950199;5.669398;0.386495;,
  1.153542;5.551868;0.606635;,
  1.447743;5.507775;0.708295;,
  1.238668;5.716884;0.690139;,
  1.328858;5.346603;0.630062;,
  1.352857;5.817420;0.264190;,
  1.518999;5.492522;0.205834;,
  1.296299;5.693214;0.195906;,
  1.589615;5.602197;0.276474;,
  1.220886;5.566635;0.243024;,
  1.347349;5.283722;0.412435;,
  1.148293;5.494494;0.402283;,
  1.435143;5.376521;0.244920;,
  1.316310;5.842951;0.621366;,
  1.609584;5.642129;0.444552;,
  1.363886;5.881681;0.427393;,
  1.542083;5.604257;0.651558;,
  1.148293;5.494494;0.402283;,
  1.347349;5.283722;0.412435;,
  1.485133;5.157418;0.608493;,
  1.482638;5.113552;0.369025;,
  1.742646;5.446698;0.612865;,
  1.642877;5.332433;0.687734;,
  1.786457;5.455647;0.395582;,
  1.583316;5.197728;0.221169;,
  1.674193;5.306053;0.178541;,
  1.751340;5.399654;0.244300;,
  1.482638;5.113552;0.369025;,
  2.044553;5.068574;0.222394;,
  2.067777;5.101692;0.356160;,
  1.842258;4.859952;0.333151;,
  1.903314;4.919267;0.194202;,
  1.862264;4.891823;0.515973;,
  1.842258;4.859952;0.333151;,
  2.035486;5.079164;0.519872;,
  1.961762;4.998798;0.581864;,
  1.980155;4.998930;0.164126;,
  1.980155;4.998930;0.164126;,
  2.317159;4.558705;0.107560;,
  1.903314;4.919267;0.194202;,
  2.381215;4.601620;0.118738;,
  1.862264;4.891823;0.515973;,
  2.398227;4.550459;0.386715;,
  1.961762;4.998798;0.581864;,
  2.324316;4.517632;0.352510;,
  2.044553;5.068574;0.222394;,
  2.428971;4.614983;0.166760;,
  2.067777;5.101692;0.356160;,
  2.445631;4.604503;0.249558;,
  2.280130;4.517572;0.197352;,
  1.842258;4.859952;0.333151;,
  1.842258;4.859952;0.333151;,
  2.280130;4.517572;0.197352;,
  2.435045;4.579556;0.345349;,
  2.035486;5.079164;0.519872;,
  0.673642;5.207520;0.295749;,
  0.716275;5.682128;0.331024;,
  0.570595;5.184362;0.638554;,
  0.302311;5.165419;0.766548;,
  0.571807;5.326484;-0.037020;,
  0.305570;5.349793;-0.206519;,
  0.678808;5.845048;0.026730;,
  0.673642;5.207520;0.295749;,
  0.716275;5.682128;0.331024;,
  0.269886;4.916788;-0.246045;,
  0.507070;4.512906;-0.143142;,
  0.263338;4.573688;-0.307824;,
  0.508211;4.870333;-0.080167;,
  0.272147;4.728063;0.758601;,
  -0.004983;5.155875;0.815802;,
  -0.013249;4.740044;0.815314;,
  0.634702;4.777992;0.272674;,
  0.538822;4.400682;0.668347;,
  0.665278;4.432274;0.264617;,
  0.521920;4.730259;0.608945;,
  0.634702;4.777992;0.272674;,
  0.665278;4.432274;0.264617;,
  0.000000;6.473573;-0.059330;,
  0.210198;6.460354;-0.052519;,
  0.000000;6.325473;-0.156183;,
  0.148355;6.505032;-0.012096;,
  0.290351;6.624243;0.152512;,
  0.309963;6.599822;0.075390;,
  0.283530;6.697352;0.287352;,
  0.314932;6.726718;0.307049;,
  0.186752;6.738931;0.481767;,
  0.231805;6.745673;0.529332;,
  0.115889;6.731382;0.534324;,
  -0.000012;6.714793;0.485272;,
  -0.000027;6.717134;0.539316;,
  0.093370;6.726853;0.483520;,
  0.322739;6.591277;0.059621;,
  0.214008;6.470286;-0.159644;,
  0.317464;6.733718;0.313361;,
  0.260620;6.740866;0.538287;,
  0.130114;6.716793;0.556682;,
  0.025606;6.065338;-0.266609;,
  0.034039;5.967060;-0.312112;,
  0.149374;6.473851;0.046413;,
  0.000000;6.449649;0.010275;,
  0.257652;6.622213;0.276203;,
  0.259163;6.565362;0.172993;,
  0.177959;6.653837;0.422112;,
  -0.000002;6.650298;0.433821;,
  0.088978;6.651991;0.427967;,
  0.270107;4.345991;-0.347776;,
  0.623929;4.069643;-0.192373;,
  0.247208;4.151129;-0.343262;,
  0.589374;4.277753;-0.173411;,
  0.717583;4.225030;0.269050;,
  0.735018;4.043767;0.271719;,
  0.570575;4.219644;0.710505;,
  0.717583;4.225030;0.269050;,
  0.288778;4.264370;0.882962;,
  0.272010;4.422691;0.829994;,
  0.606748;3.960213;-0.042630;,
  0.724917;3.922335;0.284807;,
  0.567238;4.065262;0.728312;,
  0.724917;3.922335;0.284807;,
  0.735018;4.043767;0.271719;,
  0.499646;3.946936;0.748367;,
  0.209882;4.055135;-0.215614;,
  0.277742;4.124808;0.881706;,
  0.209949;4.010362;0.857288;,
  -0.360079;5.848571;-0.162823;,
  -0.241516;6.352819;-0.107132;,
  -0.478657;6.238332;-0.050161;,
  -0.161674;6.434099;-0.117299;,
  -0.367693;6.507516;0.062457;,
  -0.322353;6.590448;0.060208;,
  -0.553152;6.492937;0.114937;,
  -0.336881;6.709402;0.313344;,
  -0.392789;6.660210;0.333501;,
  -0.571915;6.615013;0.360053;,
  -0.288322;6.701096;0.557211;,
  -0.392789;6.660210;0.333501;,
  -0.321065;6.619018;0.588831;,
  -0.336881;6.709402;0.313344;,
  -0.160532;6.613991;0.596372;,
  -0.144357;6.696816;0.566144;,
  -0.571915;6.615013;0.360053;,
  -0.487808;6.516134;0.600550;,
  -0.258532;6.479602;0.665092;,
  -0.674854;6.377494;0.656887;,
  -0.356531;6.345189;0.733812;,
  -0.328856;6.077874;0.828272;,
  -0.649291;5.775644;0.695760;,
  -0.350916;5.779994;0.800475;,
  -0.647510;6.105702;0.770330;,
  -0.943158;6.397684;0.388397;,
  -1.127002;6.045684;0.235594;,
